version https://git-lfs.github.com/spec/v1
oid sha256:df29bc43537e74f62d4cef0bf4a963c0eb4757d12bbb6f265f3138737d309454
size 1346
