version https://git-lfs.github.com/spec/v1
oid sha256:bed1f57dbbf89e559e5be848cf0e585218c272e0a0b70838d3d8b492e7d52134
size 877
