version https://git-lfs.github.com/spec/v1
oid sha256:a6c34a5686483c12f1e49cdf4d357197a617a647d47fb895de0e6c22f735dda7
size 1561
