version https://git-lfs.github.com/spec/v1
oid sha256:c16c633c9eafe3d0c763843c3721743dc3e52cf4c9594b40423e097ac9ea1fbc
size 66
