version https://git-lfs.github.com/spec/v1
oid sha256:ad22e58c99709d5f9be2e0e77cda5f4e5399f62eafa34cf32b78bb0536752e64
size 956
