version https://git-lfs.github.com/spec/v1
oid sha256:f96437fc15ddc04d2e7e1ad6404320bf5a51acc2e204bf3d8cd11daf42d1df90
size 237
