version https://git-lfs.github.com/spec/v1
oid sha256:ce9bce74616b313efae09f497116e5db70359bf02146b88ba4238d2977aca881
size 3820
