version https://git-lfs.github.com/spec/v1
oid sha256:b80191799597b1902fe0038f8d9e9211d6beb1be8a25c840d13a6b7c44e89b68
size 2009
