version https://git-lfs.github.com/spec/v1
oid sha256:3c06781e9fc76338eb09ade0b9672f84869294edd29a38aaa7f49f0d77746c79
size 1526
