version https://git-lfs.github.com/spec/v1
oid sha256:9192f323ad8402c6747b3e5ca065cd63525a9d1ff2430c1a18cd2115620735d7
size 1409
