version https://git-lfs.github.com/spec/v1
oid sha256:7320354899299375642108f3528812b6e0fcc6f87af00f9a4833a08fab9881e6
size 4131
