version https://git-lfs.github.com/spec/v1
oid sha256:30ee05bc9eaf04b059729276b3c830f05922cc5f2cebdc821c6833d117f7465d
size 2036
