version https://git-lfs.github.com/spec/v1
oid sha256:39907f53b3611c2d639ed8fe362da7652fe3811eb91676b76a6fb696224ed277
size 319
