version https://git-lfs.github.com/spec/v1
oid sha256:4a7c382b146551c899d10efe772df4ac32365f93293c01bf6eb7572c4696b281
size 4335
