version https://git-lfs.github.com/spec/v1
oid sha256:cb8c70bcbe7bc93dc883027f0560165b9b20262602cc4eae13f4644c813cc9b7
size 1372
