version https://git-lfs.github.com/spec/v1
oid sha256:78f0557d076752ca44bc19c397f4af3b973cb25144c9fdae62c899808408fe81
size 3997
